1.121238708496093750e+00
3.476256728172302246e-01
3.543054163455963135e-01
3.497580289840698242e-01
3.269780278205871582e-01
3.373276889324188232e-01
3.283349573612213135e-01
3.116730749607086182e-01
3.279049098491668701e-01
3.297631740570068359e-01
3.065265119075775146e-01
3.228327333927154541e-01
2.878941893577575684e-01
2.916237413883209229e-01
2.890742123126983643e-01
2.890224158763885498e-01
2.922708392143249512e-01
2.738478183746337891e-01
2.597567439079284668e-01
2.665185928344726562e-01
2.711493670940399170e-01
2.746144533157348633e-01
2.646041214466094971e-01
2.635785937309265137e-01
2.625117003917694092e-01
2.615401744842529297e-01
2.566982507705688477e-01
2.526590228080749512e-01
2.558790445327758789e-01
2.506440877914428711e-01
2.306154966354370117e-01
2.432230561971664429e-01
2.370362132787704468e-01
2.559464871883392334e-01
2.446948587894439697e-01
2.377843111753463745e-01
2.346963435411453247e-01
2.375488579273223877e-01
2.343830615282058716e-01
2.458522021770477295e-01
2.299649566411972046e-01
2.268087863922119141e-01
2.357924282550811768e-01
2.231603711843490601e-01
2.353734374046325684e-01
2.243375927209854126e-01
2.443103343248367310e-01
2.372532039880752563e-01
2.333978563547134399e-01
2.467525452375411987e-01
2.293212264776229858e-01
2.273895442485809326e-01
2.103671878576278687e-01
2.115400135517120361e-01
2.392708212137222290e-01
2.326949983835220337e-01
2.345326095819473267e-01
2.376827448606491089e-01
2.312006652355194092e-01
2.349123209714889526e-01
2.388245612382888794e-01
2.426924109458923340e-01
2.203061878681182861e-01
2.372135818004608154e-01
2.419609874486923218e-01
2.262991517782211304e-01
2.452518790960311890e-01
2.254113405942916870e-01
2.337148785591125488e-01
2.478625923395156860e-01
2.411015182733535767e-01
2.427882850170135498e-01
2.550392150878906250e-01
2.471177726984024048e-01
2.340152412652969360e-01
2.403843700885772705e-01
2.522394061088562012e-01
2.630311548709869385e-01
2.392452210187911987e-01
2.552650570869445801e-01
2.439413815736770630e-01
2.616004645824432373e-01
2.686232328414916992e-01
2.704610526561737061e-01
2.669931054115295410e-01
2.684938013553619385e-01
2.839812636375427246e-01
3.017200827598571777e-01
2.794054746627807617e-01
3.000226616859436035e-01
2.918962538242340088e-01
2.804027795791625977e-01
3.065581917762756348e-01
3.101218044757843018e-01
3.128196001052856445e-01
3.280322849750518799e-01
3.141278326511383057e-01
3.357190191745758057e-01
3.380027115345001221e-01
3.500229418277740479e-01
3.523754775524139404e-01
3.669263422489166260e-01
3.549774885177612305e-01
3.894613981246948242e-01
3.997571170330047607e-01
3.749842941761016846e-01
3.886153995990753174e-01
4.007738828659057617e-01
4.264421164989471436e-01
4.398369789123535156e-01
4.390525817871093750e-01
4.491207599639892578e-01
4.676729440689086914e-01
4.907824695110321045e-01
5.188850760459899902e-01
5.205186009407043457e-01
5.275232195854187012e-01
5.478058457374572754e-01
5.898617506027221680e-01
6.182494163513183594e-01
6.007698774337768555e-01
6.040548682212829590e-01
6.012199521064758301e-01
5.910878777503967285e-01
5.844106674194335938e-01
5.941715240478515625e-01
5.871375799179077148e-01
5.950859785079956055e-01
5.717828869819641113e-01
5.661664605140686035e-01
5.630080699920654297e-01
5.965201258659362793e-01
5.709680318832397461e-01
5.776711702346801758e-01
5.750858783721923828e-01
5.726432204246520996e-01
5.763828754425048828e-01
5.706694126129150391e-01
5.598399043083190918e-01
5.690054297447204590e-01
5.781989693641662598e-01
5.696491003036499023e-01
5.580624341964721680e-01
5.901610255241394043e-01
5.862882137298583984e-01
5.759829878807067871e-01
5.653768777847290039e-01
5.767991542816162109e-01
5.720639228820800781e-01
5.714902281761169434e-01
5.782091617584228516e-01
5.697391629219055176e-01
5.936037898063659668e-01
5.979728102684020996e-01
5.734553337097167969e-01
5.830332636833190918e-01
5.912312269210815430e-01
5.859235525131225586e-01
5.958702564239501953e-01
5.973531007766723633e-01
6.027147173881530762e-01
6.201479434967041016e-01
6.324625015258789062e-01
6.418741345405578613e-01
6.166753172874450684e-01
6.429324746131896973e-01
6.224786639213562012e-01
6.269668936729431152e-01
6.255884170532226562e-01
6.445938348770141602e-01
6.519145965576171875e-01
6.705211400985717773e-01
6.610828042030334473e-01
6.686440706253051758e-01
6.583024263381958008e-01
6.768577098846435547e-01
7.041937112808227539e-01
6.883398294448852539e-01
7.185032963752746582e-01
7.491374015808105469e-01
7.426151037216186523e-01
7.127377390861511230e-01
7.219390273094177246e-01
7.045019865036010742e-01
6.881453990936279297e-01
6.737432479858398438e-01
6.808122396469116211e-01
6.570762395858764648e-01
6.492518782615661621e-01
6.338872313499450684e-01
6.245377063751220703e-01
6.185330748558044434e-01
6.099522113800048828e-01
5.977086424827575684e-01
5.764648318290710449e-01
5.782049298286437988e-01
5.695405602455139160e-01
5.652983784675598145e-01
5.629493594169616699e-01
5.534026026725769043e-01
5.456206798553466797e-01
5.434633493423461914e-01
5.514125823974609375e-01
5.378096699714660645e-01
5.222778916358947754e-01
5.168974399566650391e-01
5.202087163925170898e-01
5.146117210388183594e-01
5.006913542747497559e-01
5.090287923812866211e-01
5.096672177314758301e-01
5.117337703704833984e-01
4.943465590476989746e-01
5.034222006797790527e-01
5.012440085411071777e-01
4.766697585582733154e-01
4.973868429660797119e-01
5.191000103950500488e-01
4.969546794891357422e-01
4.814862906932830811e-01
4.915725290775299072e-01
4.701987504959106445e-01
4.845800399780273438e-01
4.905095100402832031e-01
4.870304763317108154e-01
4.922288060188293457e-01
4.729012548923492432e-01
4.729782938957214355e-01
4.937257468700408936e-01
4.662715196609497070e-01
4.744099378585815430e-01
4.694958925247192383e-01
4.492791295051574707e-01
4.774981737136840820e-01
4.675697684288024902e-01
4.807100296020507812e-01
4.636311531066894531e-01
5.061854124069213867e-01
4.848158359527587891e-01
4.773795008659362793e-01
4.860794842243194580e-01
4.847301244735717773e-01
4.942215979099273682e-01
4.697283506393432617e-01
4.990186989307403564e-01
4.864329397678375244e-01
4.685870707035064697e-01
4.964684844017028809e-01
5.048612952232360840e-01
5.021816492080688477e-01
5.052791237831115723e-01
4.983612000942230225e-01
5.034110546112060547e-01
5.094627737998962402e-01
4.986465275287628174e-01
5.353673100471496582e-01
5.436196923255920410e-01
5.307164192199707031e-01
5.424682497978210449e-01
5.344714522361755371e-01
5.644302368164062500e-01
5.596551895141601562e-01
5.477843284606933594e-01
5.661640763282775879e-01
5.573011040687561035e-01
5.612621903419494629e-01
5.798766016960144043e-01
5.759743452072143555e-01
5.722011923789978027e-01
6.080074906349182129e-01
6.155465245246887207e-01
6.117308139801025391e-01
6.470398902893066406e-01
6.520826220512390137e-01
6.346401572227478027e-01
6.599927544593811035e-01
6.720681190490722656e-01
6.956566572189331055e-01
7.103081941604614258e-01
7.311301827430725098e-01
7.194404602050781250e-01
7.309311628341674805e-01
7.447420954704284668e-01
7.743189930915832520e-01
7.965906858444213867e-01
7.918642759323120117e-01
8.284512758255004883e-01
8.555333018302917480e-01
8.686732649803161621e-01
9.147449731826782227e-01
9.285809397697448730e-01
9.533776044845581055e-01
9.830744266510009766e-01
9.822507500648498535e-01
9.957560300827026367e-01
9.782067537307739258e-01
9.714212417602539062e-01
9.412645697593688965e-01
9.426082968711853027e-01
9.564810991287231445e-01
9.346209168434143066e-01
9.328213334083557129e-01
9.228516817092895508e-01
9.268094897270202637e-01
9.327455759048461914e-01
9.167420864105224609e-01
9.022554755210876465e-01
9.016330242156982422e-01
9.004545211791992188e-01
9.040741920471191406e-01
8.881598114967346191e-01
8.751809000968933105e-01
8.770558834075927734e-01
8.752444982528686523e-01
8.737000823020935059e-01
8.939094543457031250e-01
8.856951594352722168e-01
8.755900263786315918e-01
8.732761144638061523e-01
8.534551262855529785e-01
8.786221742630004883e-01
8.741738796234130859e-01
8.827517032623291016e-01
8.812320828437805176e-01
8.792138695716857910e-01
8.813979625701904297e-01
8.696577548980712891e-01
8.805365562438964844e-01
8.872787952423095703e-01
8.798835873603820801e-01
8.947170376777648926e-01
8.822155594825744629e-01
8.850215673446655273e-01
9.023362994194030762e-01
9.081597924232482910e-01
8.989800214767456055e-01
9.284383058547973633e-01
9.145856499671936035e-01
9.116138815879821777e-01
9.331473112106323242e-01
9.396025538444519043e-01
9.383189678192138672e-01
9.354652166366577148e-01
9.535929560661315918e-01
9.496831297874450684e-01
9.569520354270935059e-01
9.730237722396850586e-01
9.695631265640258789e-01
9.908600449562072754e-01
1.002136230468750000e+00
1.018903255462646484e+00
1.030767917633056641e+00
1.024047136306762695e+00
1.042600870132446289e+00
1.059597253799438477e+00
1.076348543167114258e+00
1.091208577156066895e+00
1.097283840179443359e+00
1.119351983070373535e+00
1.120684504508972168e+00
